name       color     parent   dfs_in   dfs_out       child
110151414 	1        36       22       343        	: 162002335 172656897 206179608 272792099 294108100 319299609 416821451 446199877 450730276 455504268 

110151414 	0        -1       0        0          	: 173846834 221778890 371835256 399216608 409632468 436685991 454514286 461879947 477890996 491963952 525209403 

name       color     parent   dfs_in   dfs_out       child
113200585 	1        11       8        357        	: 152223499 203485077 254405984 356885748 371835256 421089550 458095548 468163169 469926743 497109769 

113200585 	0        -1       0        0          	: 152223499 221778890 229926622 294108100 381997754 406041477 440702915 

name       color     parent   dfs_in   dfs_out       child
115294226 	1        63       53       312        	: 206646411 206848012 285599631 343831549 354628783 375160363 431347948 485828726 490141958 497109769 

115294226 	0        -1       0        0          	: 290621479 368239324 375160363 416738787 494757793 

name       color     parent   dfs_in   dfs_out       child
116648173 	1        24       33       332        	: 142989083 203485077 225753656 229926622 298994094 399216608 440702915 440702915 461879947 504532768 

116648173 	0        -1       0        0          	: 146217198 185722484 256906097 353421862 413756265 430609056 457466031 

name       color     parent   dfs_in   dfs_out       child
119337132 	1        7        12       353        	: 179090391 179747403 281005065 297106356 409632468 437524660 448427743 488629566 504650783 525209403 

119337132 	0        -1       0        0          	: 143014771 162002335 231850863 235514475 302427576 351605665 368239324 388340593 395826355 400796772 405387693 421089550 450730276 

name       color     parent   dfs_in   dfs_out       child
142603810 	1        21       15       350        	: 203485077 206646411 231850863 242682849 244165466 358531435 361267968 416821451 493051189 494757793 

142603810 	0        -1       0        0          	: 179747403 235514475 254405984 254405984 265145029 343831549 343831549 371835256 382053881 388340593 410902968 488473313 488473313 504532768 

name       color     parent   dfs_in   dfs_out       child
142989083 	1        9        6        359        	: 152223499 260733710 298994094 395826355 399216608 460898954 468163169 469926743 485828726 494757793 

142989083 	0        -1       0        0          	: 116648173 149073571 225753656 272792099 358531435 405387693 446189166 

name       color     parent   dfs_in   dfs_out       child
143014771 	1        34       11       354        	: 119337132 150850727 254405984 391395377 395763758 421089550 428833283 456476773 490141958 491963952 

143014771 	0        -1       0        0          	: 218010373 268836132 361267968 373248331 406041477 477890996 504650783 

name       color     parent   dfs_in   dfs_out       child
146217198 	1        22       36       329        	: 116648173 172656897 294108100 354628783 358531435 379467184 416821451 421089550 423091464 494247491 

146217198 	0        -1       0        0          	: 181371198 302427576 343831549 358531435 358790822 395763758 422359825 433322045 434521399 461879947 463769129 504650783 60220613 

name       color     parent   dfs_in   dfs_out       child
149073571 	1        40       5        360        	: 142989083 225753656 235514475 235904473 268836132 285563508 290621479 358531435 434521399 521254409 

149073571 	0        -1       0        0          	: 234263625 277475041 371835256 409632468 446189166 95318066 

name       color     parent   dfs_in   dfs_out       child
150850727 	1        44       3        362        	: 234263625 265145029 265145029 281005065 350622224 395763758 433322045 460898954 472713562 60220613 

150850727 	0        -1       0        0          	: 143014771 241424851 350622224 395826355 461879947 465227917 477890996 494247491 

name       color     parent   dfs_in   dfs_out       child
152223499 	1        6        7        358        	: 113200585 206179608 285563508 319299609 345786756 356885748 405387693 448427743 456476773 526562079 

152223499 	0        -1       0        0          	: 113200585 142989083 162002335 234699394 310828049 344472808 355326530 391395377 477890996 

name       color     parent   dfs_in   dfs_out       child
159411137 	1        49       29       336        	: 210410304 234699394 290621479 343831549 384138094 406041477 430609056 436685991 440702915 526562079 

159411137 	0        -1       0        0          	: 251608342 351605665 434521399 448062359 456476773 460898954 472713562 521366990 95318066 

name       color     parent   dfs_in   dfs_out       child
161724208 	1        53       49       316        	: 195027763 229926622 231850863 231850863 346490646 355326530 460898954 469926743 504650783 

161724208 	0        -1       0        0          	: 265145029 270664489 298994094 358790822 395763758 409632468 428833283 468163169 469926743 60220613 

name       color     parent   dfs_in   dfs_out       child
162002335 	1        0        23       342        	: 119337132 152223499 219241221 235904473 244371363 297106356 358531435 361267968 399216608 423091464 

162002335 	0        -1       0        0          	: 110151414 206848012 218010373 360688803 361267968 384138094 388340593 469926743 526562079 

name       color     parent   dfs_in   dfs_out       child
165478556 	1        64       38       327        	: 231850863 242682849 281005065 294108100 384138094 421089550 440702915 456476773 456476773 95318066 

165478556 	0        -1       0        0          	: 174670917 195027763 234699394 269216781 285599631 294108100 379467184 493051189 95877212 

name       color     parent   dfs_in   dfs_out       child
167635608 	1        31       31       334        	: 185722484 219241221 254405984 350622224 395763758 413756265 455504268 469926743 501576189 525209403 

167635608 	0        -1       0        0          	: 179747403 210410304 210410304 379467184 382053881 395826355 448062359 516539796 

name       color     parent   dfs_in   dfs_out       child
172656897 	1        50       20       345        	: 221778890 265145029 298994094 350622224 356186381 423091464 433072426 460898954 488629566 521254409 

172656897 	0        -1       0        0          	: 110151414 146217198 206848012 221778890 241424851 254405984 344472808 445488814 446189166 446199877 469926743 478561189 493051189 

name       color     parent   dfs_in   dfs_out       child
173846834 	1        105      41       324        	: 110151414 215215359 225753656 343831549 346490646 399216608 413756265 420357930 478561189 497109769 

173846834 	0        -1       0        0          	: 254405984 272792099 353421862 354628783 405387693 430609056 434521399 485828726 525209403 525209403 

name       color     parent   dfs_in   dfs_out       child
174670917 	1        79       66       299        	: 165478556 189914712 231850863 361267968 432546298 436685991 445488814 454514286 463769129 490440290 

174670917 	0        -1       0        0          	: 181371198 218010373 285563508 310828049 354628783 412986997 431347948 45509813 478561189 

name       color     parent   dfs_in   dfs_out       child
179090391 	1        4        13       352        	: 179747403 221778890 234263625 260733710 410902968 428833283 448427743 448427743 454514286 468163169 

179090391 	0        -1       0        0          	: 119337132 297106356 302048490 356885748 388340593 422359825 432323065 436560092 45509813 516539796 521254409 

name       color     parent   dfs_in   dfs_out       child
179747403 	1        20       14       351        	: 142603810 167635608 234263625 234263625 351605665 361267968 481901489 494247491 496012126 497109769 

179747403 	0        -1       0        0          	: 119337132 179090391 181371198 229926622 481901489 

name       color     parent   dfs_in   dfs_out       child
181371198 	1        37       35       330        	: 146217198 174670917 179747403 217803288 344472808 388340593 399468775 430609056 497109769 

181371198 	0        -1       0        0          	: 225753656 269216781 281005065 344472808 345786756 356186381 361267968 432323065 436560092 440702915 445488814 456476773 490440290 

name       color     parent   dfs_in   dfs_out       child
183990604 	1        48       82       283        	: 234263625 265145029 401493206 412986997 428833283 455504268 468163169 472713562 494757793 95318066 

183990604 	0        -1       0        0          	: 248557567 430609056 497109769 

name       color     parent   dfs_in   dfs_out       child
185722484 	1        16       32       333        	: 116648173 302048490 356885748 373248331 381997754 412986997 440702915 472713562 480434641 488473313 

185722484 	0        -1       0        0          	: 167635608 210410304 241424851 272792099 458095548 463769129 521543311 

name       color     parent   dfs_in   dfs_out       child
189914712 	1        43       45       320        	: 215215359 234263625 277475041 297106356 343831549 346490646 353421862 381997754 382053881 491963952 

189914712 	0        -1       0        0          	: 174670917 235904473 269216781 373248331 421089550 469109354 477890996 501576189 95877212 

name       color     parent   dfs_in   dfs_out       child
195027763 	1        13       50       315        	: 165478556 234263625 356885748 358531435 399303136 414676739 433322045 460898954 497109769 525209403 

195027763 	0        -1       0        0          	: 161724208 225753656 272792099 272792099 419584442 448427743 504650783 

name       color     parent   dfs_in   dfs_out       child
203485077 	1        1        9        356        	: 218010373 265145029 269216781 300137579 368239324 406041477 409632468 477482057 477482057 477890996 

203485077 	0        -1       0        0          	: 113200585 116648173 142603810 360688803 395186812 468163169 490141958 493051189 494247491 497109769 521543311 

name       color     parent   dfs_in   dfs_out       child
206179608 	1        33       63       302        	: 356186381 356186381 371835256 399468775 428833283 436560092 488473313 490440290 494757793 521366990 

206179608 	0        -1       0        0          	: 110151414 152223499 217803288 221778890 251608342 358790822 391395377 420357930 423091464 485828726 493051189 

name       color     parent   dfs_in   dfs_out       child
206646411 	1        5        16       349        	: 242682849 254405984 354628783 405387693 420357930 440702915 445488814 463769129 468163169 493113491 

206646411 	0        -1       0        0          	: 115294226 142603810 221778890 256906097 294108100 297106356 298994094 319299609 436560092 477482057 485828726 

name       color     parent   dfs_in   dfs_out       child
206848012 	1        2        54       311        	: 162002335 172656897 219241221 229926622 269216781 368239324 384138094 445595750 457466031 488629566 

206848012 	0        -1       0        0          	: 115294226 302048490 353421862 358790822 375160363 494757793 501576189 

name       color     parent   dfs_in   dfs_out       child
210410304 	1        12       30       335        	: 167635608 167635608 185722484 354628783 361267968 391395377 395186812 412986997 433322045 434521399 

210410304 	0        -1       0        0          	: 159411137 300137579 346490646 395186812 433322045 446199877 450730276 472713562 488629566 497109769 

name       color     parent   dfs_in   dfs_out       child
215215359 	1        38       27       338        	: 229926622 251608342 256906097 285599631 285599631 358531435 400796772 440702915 448427743 478561189 

215215359 	0        -1       0        0          	: 173846834 189914712 229926622 260733710 290621479 384138094 420357930 454514286 481901489 494247491 504532768 

name       color     parent   dfs_in   dfs_out       child
217803288 	1        69       62       303        	: 206179608 231850863 251608342 381997754 455504268 468163169 494247491 497109769 504650783 525209403 

217803288 	0        -1       0        0          	: 181371198 302427576 445595750 

name       color     parent   dfs_in   dfs_out       child
218010373 	1        27       10       355        	: 143014771 162002335 174670917 416738787 430609056 478561189 488629566 494757793 521543311 521543311 

218010373 	0        -1       0        0          	: 203485077 268836132 351605665 356186381 395186812 419584442 

name       color     parent   dfs_in   dfs_out       child
219241221 	1        14       24       341        	: 244165466 251608342 281005065 298994094 300137579 360688803 410902968 448427743 469109354 95877212 

219241221 	0        -1       0        0          	: 162002335 167635608 206848012 244371363 269216781 270664489 285563508 358790822 373248331 379467184 410902968 412986997 416738787 433072426 445595750 457466031 472713562 477482057 

name       color     parent   dfs_in   dfs_out       child
221778890 	1        17       21       344        	: 110151414 113200585 172656897 206179608 206646411 254405984 344472808 399468775 497109769 525209403 

221778890 	0        -1       0        0          	: 172656897 179090391 279311945 285599631 343831549 416821451 436560092 436560092 445595750 

name       color     parent   dfs_in   dfs_out       child
225753656 	1        3        34       331        	: 142989083 181371198 195027763 269216781 298994094 360688803 410902968 428833283 456476773 496012126 

225753656 	0        -1       0        0          	: 116648173 149073571 173846834 272792099 281005065 350622224 381997754 399216608 430609056 432323065 95877212 

name       color     parent   dfs_in   dfs_out       child
229926622 	1        46       26       339        	: 113200585 179747403 215215359 298994094 300137579 354628783 360688803 413756265 446189166 469926743 

229926622 	0        -1       0        0          	: 116648173 161724208 206848012 215215359 234263625 244165466 248557567 254405984 256906097 310828049 412986997 460898954 488473313 496012126 95877212 

name       color     parent   dfs_in   dfs_out       child
231850863 	1        15       39       326        	: 119337132 235514475 241424851 244165466 251608342 405387693 410902968 428833283 433072426 478561189 

231850863 	0        -1       0        0          	: 142603810 161724208 161724208 165478556 174670917 217803288 235904473 241424851 244165466 345786756 358790822 416821451 434521399 

name       color     parent   dfs_in   dfs_out       child
234263625 	1        10       4        361        	: 149073571 229926622 244371363 399468775 437524660 448062359 463769129 491963952 496012126 90375441 

234263625 	0        -1       0        0          	: 150850727 179090391 179747403 179747403 183990604 189914712 195027763 235514475 251608342 490141958 

name       color     parent   dfs_in   dfs_out       child
234699394 	1        74       74       291        	: 152223499 165478556 279311945 353421862 358790822 448062359 450730276 469109354 481901489 494247491 

234699394 	0        -1       0        0          	: 159411137 345786756 458095548 469109354 472713562 494757793 

name       color     parent   dfs_in   dfs_out       child
235514475 	1        45       18       347        	: 119337132 142603810 234263625 254405984 297106356 401493206 416738787 434521399 448427743 490440290 

235514475 	0        -1       0        0          	: 149073571 231850863 242682849 290621479 356186381 358531435 358790822 494247491 

name       color     parent   dfs_in   dfs_out       child
235904473 	1        85       44       321        	: 189914712 231850863 269216781 310828049 356885748 361267968 45509813 455504268 477890996 488629566 

235904473 	0        -1       0        0          	: 149073571 162002335 346490646 360688803 379467184 382053881 410902968 413756265 431347948 432546298 445488814 450730276 456476773 463769129 468163169 525209403 

name       color     parent   dfs_in   dfs_out       child
241424851 	1        111      2        363        	: 150850727 172656897 185722484 231850863 254405984 268836132 351605665 358531435 416738787 432323065 

241424851 	0        -1       0        0          	: 231850863 244165466 272792099 298994094 360688803 414676739 419584442 60220613 

name       color     parent   dfs_in   dfs_out       child
242682849 	1        29       17       348        	: 235514475 279311945 279311945 302427576 350622224 356186381 433072426 433322045 434521399 95877212 

242682849 	0        -1       0        0          	: 142603810 165478556 206646411 281005065 354628783 368239324 371835256 399303136 401493206 488629566 

name       color     parent   dfs_in   dfs_out       child
244165466 	1        35       25       340        	: 229926622 231850863 241424851 353421862 371835256 399468775 421089550 493051189 521543311 90375441 

244165466 	0        -1       0        0          	: 142603810 219241221 231850863 302427576 350622224 405387693 414676739 45509813 455504268 

name       color     parent   dfs_in   dfs_out       child
244371363 	1        90       78       287        	: 219241221 351605665 356885748 358790822 391395377 395186812 400796772 463769129 465227917 494247491 

244371363 	0        -1       0        0          	: 162002335 234263625 251608342 354628783 375160363 433072426 465227917 468163169 478561189 488629566 491963952 521366990 

name       color     parent   dfs_in   dfs_out       child
248557567 	1        60       81       284        	: 183990604 229926622 268836132 354628783 405387693 422359825 454514286 458095548 488473313 497109769 

248557567 	0        -1       0        0          	: 281005065 368239324 416821451 416821451 432546298 434521399 521366990 526562079 

name       color     parent   dfs_in   dfs_out       child
251608342 	1        32       28       337        	: 159411137 206179608 234263625 244371363 260733710 272792099 401493206 416738787 436685991 477890996 

251608342 	0        -1       0        0          	: 215215359 217803288 219241221 231850863 281005065 361267968 373248331 400796772 422359825 432546298 440702915 481901489 493113491 504532768 

name       color     parent   dfs_in   dfs_out       child
254405984 	1        42       19       346        	: 142603810 142603810 172656897 173846834 229926622 310828049 343831549 361267968 45509813 458095548 

254405984 	0        -1       0        0          	: 113200585 143014771 167635608 206646411 221778890 235514475 241424851 268836132 272792099 319299609 358790822 360688803 371835256 413756265 448062359 472713562 

name       color     parent   dfs_in   dfs_out       child
256906097 	1        71       104      259        	: 116648173 206646411 229926622 350622224 358531435 405387693 416738787 430609056 448427743 521366990 

256906097 	0        -1       0        0          	: 215215359 281005065 319299609 405387693 454514286 45509813 477482057 477890996 488473313 526562079 

name       color     parent   dfs_in   dfs_out       child
260733710 	1        80       69       296        	: 215215359 285563508 285599631 373248331 399468775 410902968 423091464 472713562 472713562 480434641 

260733710 	0        -1       0        0          	: 142989083 179090391 251608342 270664489 285599631 355326530 432323065 490141958 

name       color     parent   dfs_in   dfs_out       child
265145029 	1        67       48       317        	: 142603810 161724208 277475041 371835256 375160363 379467184 410902968 432546298 477890996 488473313 

265145029 	0        -1       0        0          	: 150850727 150850727 172656897 183990604 203485077 285563508 300137579 300137579 432323065 455504268 468163169 481901489 497109769 

name       color     parent   dfs_in   dfs_out       child
268836132 	1        113      94       271        	: 143014771 218010373 254405984 281005065 356885748 420357930 448427743 455504268 458095548 490141958 

268836132 	0        -1       0        0          	: 149073571 241424851 248557567 270664489 388340593 391395377 416821451 421089550 516539796 

name       color     parent   dfs_in   dfs_out       child
269216781 	1        30       55       310        	: 165478556 181371198 189914712 219241221 399303136 430609056 446189166 446199877 469926743 485828726 

269216781 	0        -1       0        0          	: 203485077 206848012 225753656 235904473 281005065 294108100 399216608 399468775 416738787 436685991 457466031 516539796 

name       color     parent   dfs_in   dfs_out       child
270664489 	1        96       140      143        	: 161724208 219241221 260733710 268836132 310828049 395826355 422359825 490440290 494757793 

270664489 	0        -1       0        0          	: 391395377 477482057 480434641 504532768 

name       color     parent   dfs_in   dfs_out       child
272792099 	1        93       59       306        	: 142989083 173846834 185722484 195027763 195027763 225753656 241424851 254405984 344472808 431347948 

272792099 	0        -1       0        0          	: 110151414 251608342 298994094 345786756 382053881 405387693 460898954 488473313 

name       color     parent   dfs_in   dfs_out       child
277475041 	1        25       46       319        	: 149073571 300137579 353421862 360688803 420357930 434521399 450730276 481901489 493113491 521366990 

277475041 	0        -1       0        0          	: 189914712 265145029 375160363 448427743 461879947 496012126 

name       color     parent   dfs_in   dfs_out       child
279311945 	1        41       75       290        	: 221778890 381997754 414676739 423091464 431347948 433072426 45509813 491963952 493113491 494247491 

279311945 	0        -1       0        0          	: 234699394 242682849 242682849 294108100 300137579 412986997 436685991 440702915 480434641 95318066 

name       color     parent   dfs_in   dfs_out       child
281005065 	1        77       80       285        	: 181371198 225753656 242682849 248557567 251608342 256906097 269216781 358790822 413756265 516539796 

281005065 	0        -1       0        0          	: 119337132 150850727 165478556 219241221 268836132 300137579 345786756 351605665 516539796 

name       color     parent   dfs_in   dfs_out       child
285563508 	1        52       70       295        	: 174670917 219241221 265145029 436560092 436560092 445595750 468163169 472713562 491963952 90375441 

285563508 	0        -1       0        0          	: 149073571 152223499 260733710 368239324 399468775 463769129 496012126 

name       color     parent   dfs_in   dfs_out       child
285599631 	1        169      133      228        	: 165478556 221778890 260733710 358531435 388340593 413756265 461879947 488629566 525209403 60220613 

285599631 	0        -1       0        0          	: 115294226 215215359 215215359 260733710 491963952 493113491 501576189 525209403 90375441 90375441 

name       color     parent   dfs_in   dfs_out       child
290621479 	1        82       52       313        	: 115294226 215215359 235514475 382053881 388340593 430609056 463769129 490141958 493113491 60220613 

290621479 	0        -1       0        0          	: 149073571 159411137 346490646 354628783 356885748 360688803 431347948 481901489 90375441 

name       color     parent   dfs_in   dfs_out       child
294108100 	1        8        37       328        	: 113200585 165478556 206646411 269216781 279311945 434521399 437524660 455504268 493051189 501576189 

294108100 	0        -1       0        0          	: 110151414 146217198 165478556 358531435 375160363 381997754 433072426 448427743 448427743 448427743 45509813 

name       color     parent   dfs_in   dfs_out       child
297106356 	1        101      57       308        	: 179090391 206646411 343831549 382053881 388340593 391395377 428833283 450730276 521543311 60220613 

297106356 	0        -1       0        0          	: 119337132 162002335 189914712 235514475 399303136 454514286 468163169 521254409 

name       color     parent   dfs_in   dfs_out       child
298994094 	1        104      84       281        	: 161724208 206646411 241424851 272792099 300137579 399468775 400796772 485828726 521543311 

298994094 	0        -1       0        0          	: 116648173 142989083 172656897 219241221 225753656 229926622 310828049 401493206 405387693 437524660 465227917 494247491 

name       color     parent   dfs_in   dfs_out       child
300137579 	1        58       47       318        	: 210410304 265145029 265145029 279311945 281005065 302048490 373248331 432323065 480434641 493113491 

300137579 	0        -1       0        0          	: 203485077 219241221 229926622 277475041 298994094 405387693 432323065 432546298 472713562 480434641 95877212 

name       color     parent   dfs_in   dfs_out       child
302048490 	1        112      100      265        	: 179090391 206848012 419584442 420357930 422359825 432323065 480434641 490440290 493113491 501576189 

302048490 	0        -1       0        0          	: 185722484 300137579 346490646 373248331 416738787 421089550 432546298 436685991 445488814 468163169 480434641 490141958 490141958 497109769 521366990 60220613 

name       color     parent   dfs_in   dfs_out       child
302427576 	1        73       61       304        	: 119337132 146217198 217803288 244165466 343831549 440702915 455504268 458095548 488629566 90375441 

302427576 	0        -1       0        0          	: 242682849 344472808 410902968 437524660 494757793 

name       color     parent   dfs_in   dfs_out       child
310828049 	1        114      102      263        	: 152223499 174670917 229926622 298994094 319299609 361267968 428833283 432323065 454514286 455504268 

310828049 	0        -1       0        0          	: 235904473 254405984 270664489 419584442 493051189 521366990 526562079 

name       color     parent   dfs_in   dfs_out       child
319299609 	1        70       103      260        	: 206646411 254405984 256906097 400796772 412986997 434521399 456476773 490141958 496012126 497109769 

319299609 	0        -1       0        0          	: 110151414 152223499 310828049 421089550 448062359 455504268 488473313 493113491 

name       color     parent   dfs_in   dfs_out       child
343831549 	1        18       42       323        	: 142603810 142603810 146217198 221778890 360688803 368239324 409632468 421089550 521254409 521254409 

343831549 	0        -1       0        0          	: 115294226 159411137 173846834 189914712 254405984 297106356 302427576 346490646 354628783 395826355 446189166 450730276 

name       color     parent   dfs_in   dfs_out       child
344472808 	1        57       60       305        	: 152223499 172656897 181371198 302427576 358790822 416738787 420357930 436560092 454514286 516539796 

344472808 	0        -1       0        0          	: 181371198 221778890 272792099 406041477 420357930 422359825 448062359 460898954 488473313 516539796 

name       color     parent   dfs_in   dfs_out       child
345786756 	1        76       73       292        	: 181371198 231850863 234699394 272792099 281005065 410902968 446189166 457466031 480434641 525209403 

345786756 	0        -1       0        0          	: 152223499 350622224 373248331 413756265 413756265 465227917 477482057 477482057 477890996 478561189 521366990 

name       color     parent   dfs_in   dfs_out       child
346490646 	1        177      127      234        	: 210410304 235904473 290621479 302048490 343831549 384138094 410902968 436560092 488473313 60220613 

346490646 	0        -1       0        0          	: 161724208 173846834 189914712 414676739 445488814 472713562 488473313 516539796 521254409 526562079 95877212 

name       color     parent   dfs_in   dfs_out       child
350622224 	1        127      72       293        	: 150850727 225753656 244165466 345786756 355326530 400796772 405387693 413756265 436560092 488629566 

350622224 	0        -1       0        0          	: 150850727 167635608 172656897 242682849 256906097 354628783 419584442 420357930 434521399 436560092 450730276 456476773 461879947 478561189 521543311 

name       color     parent   dfs_in   dfs_out       child
351605665 	1        47       79       286        	: 119337132 159411137 218010373 281005065 371835256 381997754 432546298 465227917 490141958 60220613 

351605665 	0        -1       0        0          	: 179747403 241424851 244371363 382053881 477482057 491963952 

name       color     parent   dfs_in   dfs_out       child
353421862 	1        99       98       267        	: 116648173 173846834 206848012 356186381 382053881 406041477 416738787 445595750 448062359 477482057 

353421862 	0        -1       0        0          	: 189914712 234699394 244165466 277475041 395763758 395826355 413756265 414676739 432546298 493113491 

name       color     parent   dfs_in   dfs_out       child
354628783 	1        81       65       300        	: 173846834 174670917 242682849 244371363 290621479 343831549 350622224 436560092 490440290 95877212 

354628783 	0        -1       0        0          	: 115294226 146217198 206646411 210410304 229926622 248557567 356186381 391395377 395186812 432323065 436560092 488473313 493113491 494757793 

name       color     parent   dfs_in   dfs_out       child
355326530 	1        86       68       297        	: 152223499 260733710 358531435 412986997 421089550 428833283 430609056 446189166 490141958 494757793 

355326530 	0        -1       0        0          	: 161724208 350622224 361267968 395186812 406041477 410902968 448427743 45509813 

name       color     parent   dfs_in   dfs_out       child
356186381 	1        28       64       301        	: 181371198 218010373 235514475 354628783 382053881 401493206 421089550 421089550 431347948 526562079 

356186381 	0        -1       0        0          	: 172656897 206179608 206179608 242682849 353421862 399468775 409632468 431347948 446199877 457466031 501576189 

name       color     parent   dfs_in   dfs_out       child
356885748 	1        26       51       314        	: 179090391 290621479 401493206 457466031 461879947 468163169 469926743 491963952 493113491 90375441 

356885748 	0        -1       0        0          	: 113200585 152223499 185722484 195027763 235904473 244371363 268836132 395826355 434521399 446199877 480434641 

name       color     parent   dfs_in   dfs_out       child
358531435 	1        106      87       278        	: 142989083 146217198 235514475 294108100 375160363 395186812 431347948 454514286 481901489 90375441 

358531435 	0        -1       0        0          	: 142603810 146217198 149073571 162002335 195027763 215215359 241424851 256906097 285599631 355326530 379467184 384138094 388340593 406041477 410902968 422359825 485828726 

name       color     parent   dfs_in   dfs_out       child
358790822 	1        130      90       275        	: 146217198 161724208 206179608 206848012 219241221 231850863 235514475 254405984 379467184 90375441 

358790822 	0        -1       0        0          	: 234699394 244371363 281005065 344472808 391395377 431347948 431347948 437524660 440702915 494757793 

name       color     parent   dfs_in   dfs_out       child
360688803 	1        72       43       322        	: 162002335 203485077 235904473 241424851 254405984 290621479 388340593 423091464 490440290 90375441 

360688803 	0        -1       0        0          	: 219241221 225753656 229926622 277475041 343831549 373248331 431347948 448062359 516539796 526562079 

name       color     parent   dfs_in   dfs_out       child
361267968 	1        19       67       298        	: 143014771 162002335 181371198 251608342 355326530 421089550 422359825 461879947 463769129 477890996 

361267968 	0        -1       0        0          	: 142603810 162002335 174670917 179747403 210410304 235904473 254405984 310828049 399468775 445595750 490141958 493051189 521543311 

name       color     parent   dfs_in   dfs_out       child
368239324 	1        124      163      202        	: 115294226 119337132 242682849 248557567 285563508 457466031 494247491 504650783 90375441 95318066 

368239324 	0        -1       0        0          	: 203485077 206848012 343831549 433072426 526562079 

name       color     parent   dfs_in   dfs_out       child
371835256 	1        89       115      248        	: 110151414 142603810 149073571 242682849 254405984 401493206 409632468 420357930 481901489 504532768 

371835256 	0        -1       0        0          	: 113200585 206179608 244165466 265145029 351605665 373248331 400796772 401493206 401493206 497109769 

name       color     parent   dfs_in   dfs_out       child
373248331 	1        161      114      249        	: 143014771 189914712 219241221 251608342 302048490 345786756 360688803 371835256 431347948 465227917 

373248331 	0        -1       0        0          	: 185722484 260733710 300137579 421089550 440702915 445488814 454514286 490440290 

name       color     parent   dfs_in   dfs_out       child
375160363 	1        92       77       288        	: 115294226 206848012 244371363 277475041 294108100 381997754 409632468 431347948 463769129 480434641 

375160363 	0        -1       0        0          	: 115294226 265145029 358531435 381997754 420357930 455504268 494757793 

name       color     parent   dfs_in   dfs_out       child
379467184 	1        84       91       274        	: 165478556 167635608 219241221 235904473 358531435 399216608 431347948 437524660 45509813 465227917 

379467184 	0        -1       0        0          	: 146217198 265145029 358790822 384138094 395763758 416738787 423091464 432546298 445488814 480434641 485828726 496012126 526562079 

name       color     parent   dfs_in   dfs_out       child
381997754 	1        59       76       289        	: 113200585 225753656 294108100 375160363 412986997 448062359 460898954 477482057 494757793 521366990 

381997754 	0        -1       0        0          	: 185722484 189914712 217803288 279311945 351605665 375160363 395186812 399216608 457466031 90375441 

name       color     parent   dfs_in   dfs_out       child
382053881 	1        65       58       307        	: 142603810 167635608 235904473 272792099 351605665 405387693 446189166 469926743 469926743 90375441 

382053881 	0        -1       0        0          	: 189914712 290621479 297106356 353421862 356186381 399468775 448062359 455504268 496012126 496012126 525209403 95318066 

name       color     parent   dfs_in   dfs_out       child
384138094 	1        143      111      252        	: 162002335 215215359 358531435 379467184 395186812 414676739 468163169 480434641 488629566 494247491 

384138094 	0        -1       0        0          	: 159411137 165478556 206848012 346490646 436685991 455504268 458095548 504532768 521254409 

name       color     parent   dfs_in   dfs_out       child
388340593 	1        107      117      246        	: 119337132 142603810 162002335 179090391 268836132 358531435 463769129 478561189 494757793 504650783 

388340593 	0        -1       0        0          	: 181371198 285599631 290621479 297106356 360688803 395763758 409632468 436560092 454514286 469109354 501576189 90375441 

name       color     parent   dfs_in   dfs_out       child
391395377 	1        126      139      220        	: 152223499 206179608 268836132 270664489 354628783 358790822 436560092 440702915 480434641 494757793 

391395377 	0        -1       0        0          	: 143014771 210410304 244371363 297106356 434521399 448427743 

name       color     parent   dfs_in   dfs_out       child
395186812 	1        83       88       277        	: 203485077 210410304 218010373 354628783 355326530 381997754 440702915 446199877 480434641 494247491 

395186812 	0        -1       0        0          	: 210410304 244371363 358531435 384138094 412986997 422359825 433072426 436685991 446189166 454514286 461879947 480434641 504532768 

name       color     parent   dfs_in   dfs_out       child
395763758 	1        141      121      240        	: 146217198 161724208 353421862 379467184 388340593 413756265 490141958 491963952 491963952 516539796 

395763758 	0        -1       0        0          	: 143014771 150850727 167635608 413756265 450730276 456476773 

name       color     parent   dfs_in   dfs_out       child
395826355 	1        119      97       268        	: 119337132 150850727 167635608 343831549 353421862 356885748 410902968 413756265 422359825 431347948 

395826355 	0        -1       0        0          	: 142989083 270664489 428833283 488629566 501576189 504650783 

name       color     parent   dfs_in   dfs_out       child
399216608 	1        91       92       273        	: 110151414 225753656 269216781 381997754 416821451 422359825 456476773 478561189 497109769 504532768 

399216608 	0        -1       0        0          	: 116648173 142989083 162002335 173846834 379467184 430609056 440702915 445595750 445595750 460898954 490440290 

name       color     parent   dfs_in   dfs_out       child
399303136 	1        55       56       309        	: 242682849 297106356 400796772 419584442 437524660 454514286 463769129 481901489 493051189 521254409 

399303136 	0        -1       0        0          	: 195027763 269216781 406041477 433322045 448427743 501576189 60220613 

name       color     parent   dfs_in   dfs_out       child
399468775 	1        66       85       280        	: 269216781 285563508 356186381 361267968 382053881 406041477 412986997 436560092 95318066 

399468775 	0        -1       0        0          	: 181371198 206179608 221778890 234263625 244165466 260733710 298994094 469926743 

name       color     parent   dfs_in   dfs_out       child
400796772 	1        109      125      236        	: 119337132 251608342 371835256 405387693 410902968 413756265 430609056 440702915 458095548 526562079 

400796772 	0        -1       0        0          	: 215215359 244371363 298994094 319299609 350622224 399303136 412986997 433072426 433322045 436560092 440702915 488629566 490440290 494757793 497109769 

name       color     parent   dfs_in   dfs_out       child
401493206 	1        23       83       282        	: 242682849 298994094 371835256 371835256 428833283 450730276 477482057 488629566 493051189 521543311 

401493206 	0        -1       0        0          	: 183990604 235514475 251608342 356186381 356885748 371835256 465227917 469109354 521543311 95318066 

name       color     parent   dfs_in   dfs_out       child
405387693 	1        39       40       325        	: 119337132 142989083 173846834 244165466 256906097 272792099 298994094 300137579 430609056 450730276 

405387693 	0        -1       0        0          	: 152223499 206646411 231850863 248557567 256906097 350622224 382053881 400796772 416821451 457466031 460898954 468163169 493113491 

name       color     parent   dfs_in   dfs_out       child
406041477 	1        102      86       279        	: 113200585 143014771 344472808 355326530 358531435 399303136 434521399 448062359 491963952 494757793 

406041477 	0        -1       0        0          	: 159411137 203485077 353421862 399468775 409632468 458095548 490440290 95877212 

name       color     parent   dfs_in   dfs_out       child
409632468 	1        88       116      247        	: 110151414 149073571 161724208 356186381 388340593 406041477 416821451 430609056 450730276 504650783 

409632468 	0        -1       0        0          	: 119337132 203485077 343831549 371835256 375160363 431347948 494247491 60220613 

name       color     parent   dfs_in   dfs_out       child
410902968 	1        117      109      254        	: 142603810 219241221 235904473 302427576 355326530 358531435 458095548 477890996 501576189 501576189 

410902968 	0        -1       0        0          	: 179090391 219241221 225753656 231850863 260733710 265145029 345786756 346490646 395826355 400796772 422359825 428833283 458095548 60220613 95318066 

name       color     parent   dfs_in   dfs_out       child
412986997 	1        140      124      237        	: 174670917 219241221 229926622 279311945 395186812 400796772 414676739 432546298 445488814 463769129 

412986997 	0        -1       0        0          	: 183990604 185722484 210410304 319299609 355326530 381997754 399468775 433322045 455504268 457466031 469926743 494247491 521543311 

name       color     parent   dfs_in   dfs_out       child
413756265 	1        98       122      239        	: 116648173 235904473 254405984 345786756 345786756 353421862 395763758 440702915 455504268 95318066 

413756265 	0        -1       0        0          	: 167635608 173846834 229926622 281005065 285599631 350622224 395763758 395826355 400796772 419584442 494247491 

name       color     parent   dfs_in   dfs_out       child
414676739 	1        111      1        -1         	: 241424851 244165466 346490646 353421862 423091464 436685991 437524660 448062359 45509813 45509813 

414676739 	0        -1       0        0          	: 195027763 279311945 384138094 412986997 423091464 428833283 

name       color     parent   dfs_in   dfs_out       child
416738787 	1        78       99       266        	: 115294226 219241221 269216781 302048490 379467184 437524660 458095548 480434641 501576189 90375441 

416738787 	0        -1       0        0          	: 218010373 235514475 241424851 251608342 256906097 344472808 353421862 431347948 457466031 

name       color     parent   dfs_in   dfs_out       child
416821451 	1        100      93       272        	: 221778890 231850863 248557567 248557567 268836132 405387693 423091464 455504268 460898954 488473313 

416821451 	0        -1       0        0          	: 110151414 142603810 146217198 399216608 409632468 478561189 490141958 

name       color     parent   dfs_in   dfs_out       child
419584442 	1        68       101      264        	: 195027763 218010373 241424851 310828049 350622224 413756265 440702915 448427743 465227917 521366990 

419584442 	0        -1       0        0          	: 302048490 399303136 430609056 431347948 440702915 481901489 

name       color     parent   dfs_in   dfs_out       child
420357930 	1        54       95       270        	: 206179608 215215359 344472808 350622224 375160363 428833283 433072426 458095548 485828726 504650783 

420357930 	0        -1       0        0          	: 173846834 206646411 268836132 277475041 302048490 344472808 371835256 430609056 433072426 445595750 488629566 490440290 494247491 

name       color     parent   dfs_in   dfs_out       child
421089550 	1        159      135      226        	: 119337132 189914712 268836132 302048490 319299609 373248331 469109354 490440290 493113491 497109769 

421089550 	0        -1       0        0          	: 113200585 143014771 146217198 165478556 244165466 343831549 355326530 356186381 356186381 361267968 488629566 

name       color     parent   dfs_in   dfs_out       child
422359825 	1        139      108      255        	: 146217198 179090391 251608342 344472808 358531435 395186812 410902968 457466031 468163169 481901489 

422359825 	0        -1       0        0          	: 248557567 270664489 302048490 361267968 395826355 399216608 45509813 477482057 504650783 516539796 

name       color     parent   dfs_in   dfs_out       child
423091464 	1        131      166      187        	: 206179608 379467184 414676739 446199877 461879947 472713562 477482057 491963952 501576189 504532768 

423091464 	0        -1       0        0          	: 146217198 162002335 172656897 260733710 279311945 360688803 414676739 416821451 440702915 445488814 465227917 95318066 

name       color     parent   dfs_in   dfs_out       child
428833283 	1        115      96       269        	: 161724208 395826355 410902968 414676739 432323065 434521399 445488814 490440290 501576189 90375441 

428833283 	0        -1       0        0          	: 143014771 179090391 183990604 206179608 225753656 231850863 297106356 310828049 355326530 401493206 420357930 450730276 469109354 472713562 477890996 496012126 

name       color     parent   dfs_in   dfs_out       child
430609056 	1        51       105      258        	: 116648173 173846834 183990604 225753656 399216608 419584442 420357930 432546298 454514286 

430609056 	0        -1       0        0          	: 159411137 181371198 218010373 256906097 269216781 290621479 355326530 400796772 405387693 409632468 432546298 448062359 45509813 481901489 488629566 490141958 504532768 525209403 

name       color     parent   dfs_in   dfs_out       child
431347948 	1        134      158      159        	: 174670917 235904473 290621479 356186381 358790822 358790822 360688803 409632468 416738787 419584442 

431347948 	0        -1       0        0          	: 115294226 272792099 279311945 356186381 358531435 373248331 375160363 379467184 395826355 446199877 454514286 45509813 

name       color     parent   dfs_in   dfs_out       child
432323065 	1        70       261      262        	: 179090391 181371198 225753656 260733710 265145029 300137579 354628783 433072426 437524660 445488814 

432323065 	0        -1       0        0          	: 241424851 300137579 302048490 310828049 428833283 

name       color     parent   dfs_in   dfs_out       child
432546298 	1        120      106      257        	: 235904473 248557567 251608342 300137579 302048490 353421862 379467184 430609056 45509813 516539796 

432546298 	0        -1       0        0          	: 174670917 265145029 351605665 412986997 430609056 468163169 478561189 488473313 494757793 504532768 521254409 95877212 

name       color     parent   dfs_in   dfs_out       child
433072426 	1        162      162      205        	: 219241221 244371363 294108100 368239324 395186812 400796772 420357930 458095548 488473313 516539796 

433072426 	0        -1       0        0          	: 172656897 231850863 242682849 279311945 420357930 432323065 491963952 

name       color     parent   dfs_in   dfs_out       child
433322045 	1        149      137      224        	: 146217198 210410304 399303136 400796772 412986997 434521399 446199877 481901489 490141958 516539796 

433322045 	0        -1       0        0          	: 150850727 195027763 210410304 242682849 436560092 469109354 469109354 504650783 90375441 

name       color     parent   dfs_in   dfs_out       child
434521399 	1        125      138      221        	: 146217198 159411137 173846834 231850863 248557567 350622224 356885748 391395377 450730276 521366990 

434521399 	0        -1       0        0          	: 149073571 210410304 235514475 242682849 277475041 294108100 319299609 406041477 428833283 433322045 448427743 485828726 497109769 

name       color     parent   dfs_in   dfs_out       child
436560092 	1        61       71       294        	: 179090391 181371198 206646411 221778890 221778890 350622224 354628783 388340593 400796772 433322045 

436560092 	0        -1       0        0          	: 206179608 285563508 285563508 344472808 346490646 350622224 354628783 391395377 399468775 454514286 465227917 

name       color     parent   dfs_in   dfs_out       child
436685991 	1        175      192      197        	: 110151414 269216781 279311945 302048490 384138094 395186812 445595750 455504268 493051189 60220613 

436685991 	0        -1       0        0          	: 159411137 174670917 251608342 414676739 521543311 

name       color     parent   dfs_in   dfs_out       child
437524660 	1        174      170      171        	: 298994094 302427576 358790822 448062359 450730276 45509813 461879947 461879947 488473313 521366990 

437524660 	0        -1       0        0          	: 119337132 234263625 294108100 379467184 399303136 414676739 416738787 432323065 458095548 521366990 

name       color     parent   dfs_in   dfs_out       child
440702915 	1        97       89       276        	: 113200585 181371198 251608342 279311945 358790822 373248331 399216608 400796772 419584442 423091464 

440702915 	0        -1       0        0          	: 116648173 116648173 159411137 165478556 185722484 206646411 215215359 302427576 391395377 395186812 400796772 413756265 419584442 494757793 95318066 

name       color     parent   dfs_in   dfs_out       child
445488814 	1        142      165      190        	: 172656897 181371198 235904473 302048490 346490646 373248331 379467184 423091464 450730276 454514286 

445488814 	0        -1       0        0          	: 174670917 206646411 412986997 428833283 432323065 455504268 457466031 491963952 491963952 

name       color     parent   dfs_in   dfs_out       child
445595750 	1        180      177      178        	: 217803288 219241221 221778890 361267968 399216608 399216608 420357930 457466031 481901489 521366990 

445595750 	0        -1       0        0          	: 206848012 285563508 353421862 436685991 521543311 95318066 

name       color     parent   dfs_in   dfs_out       child
446189166 	1        144      148      215        	: 142989083 149073571 172656897 343831549 395186812 450730276 468163169 477890996 481901489 526562079 

446189166 	0        -1       0        0          	: 229926622 269216781 345786756 355326530 382053881 460898954 469109354 490440290 493051189 

name       color     parent   dfs_in   dfs_out       child
446199877 	1        173      157      210        	: 172656897 210410304 356186381 356885748 431347948 460898954 478561189 488473313 525209403 60220613 

446199877 	0        -1       0        0          	: 110151414 269216781 395186812 423091464 433322045 456476773 469109354 491963952 521254409 

name       color     parent   dfs_in   dfs_out       child
448062359 	1        146      119      242        	: 159411137 167635608 254405984 319299609 344472808 360688803 382053881 430609056 456476773 521543311 

448062359 	0        -1       0        0          	: 234263625 234699394 353421862 381997754 406041477 414676739 437524660 463769129 

name       color     parent   dfs_in   dfs_out       child
448427743 	1        180      179      180        	: 195027763 277475041 294108100 294108100 294108100 355326530 391395377 399303136 434521399 485828726 

448427743 	0        -1       0        0          	: 119337132 152223499 179090391 179090391 215215359 219241221 235514475 256906097 268836132 419584442 521254409 95318066 

name       color     parent   dfs_in   dfs_out       child
450730276 	1        133      149      212        	: 119337132 210410304 235904473 343831549 350622224 395763758 428833283 485828726 521254409 521254409 

450730276 	0        -1       0        0          	: 110151414 234699394 277475041 297106356 401493206 405387693 409632468 434521399 437524660 445488814 446189166 485828726 90375441 

name       color     parent   dfs_in   dfs_out       child
454514286 	1        131      188      189        	: 110151414 215215359 256906097 297106356 373248331 388340593 395186812 431347948 436560092 485828726 

454514286 	0        -1       0        0          	: 174670917 179090391 248557567 310828049 344472808 358531435 399303136 430609056 445488814 490440290 

name       color     parent   dfs_in   dfs_out       child
45509813 	1        123      107      256        	: 174670917 179090391 244165466 256906097 294108100 355326530 422359825 430609056 431347948 490141958 

45509813 	0        -1       0        0          	: 235904473 254405984 279311945 379467184 414676739 414676739 432546298 437524660 455504268 491963952 504650783 525209403 

name       color     parent   dfs_in   dfs_out       child
455504268 	1        110      123      238        	: 244165466 265145029 319299609 375160363 382053881 384138094 412986997 445488814 45509813 461879947 

455504268 	0        -1       0        0          	: 110151414 167635608 183990604 217803288 235904473 268836132 294108100 302427576 310828049 413756265 416821451 436685991 488629566 491963952 501576189 521543311 90375441 

name       color     parent   dfs_in   dfs_out       child
456476773 	1        135      120      241        	: 159411137 181371198 235904473 350622224 395763758 446199877 477482057 485828726 493113491 

456476773 	0        -1       0        0          	: 143014771 152223499 165478556 165478556 225753656 319299609 399216608 448062359 458095548 

name       color     parent   dfs_in   dfs_out       child
457466031 	1        87       164      199        	: 116648173 219241221 269216781 356186381 381997754 405387693 412986997 416738787 445488814 521543311 

457466031 	0        -1       0        0          	: 206848012 345786756 356885748 368239324 422359825 445595750 465227917 

name       color     parent   dfs_in   dfs_out       child
458095548 	1        108      110      253        	: 185722484 234699394 384138094 406041477 410902968 437524660 456476773 504532768 521254409 525209403 

458095548 	0        -1       0        0          	: 113200585 248557567 254405984 268836132 302427576 400796772 410902968 416738787 420357930 433072426 504650783 

name       color     parent   dfs_in   dfs_out       child
460898954 	1        150      147      216        	: 159411137 229926622 272792099 344472808 399216608 405387693 446189166 469109354 493113491 496012126 

460898954 	0        -1       0        0          	: 142989083 150850727 161724208 172656897 195027763 381997754 416821451 446199877 469926743 

name       color     parent   dfs_in   dfs_out       child
461879947 	1        178      131      232        	: 110151414 146217198 150850727 277475041 350622224 395186812 488473313 501576189 95318066 95877212 

461879947 	0        -1       0        0          	: 116648173 285599631 356885748 361267968 423091464 437524660 437524660 455504268 481901489 60220613 

name       color     parent   dfs_in   dfs_out       child
463769129 	1        95       118      245        	: 146217198 185722484 235904473 285563508 448062359 465227917 488629566 490141958 525209403 95318066 

463769129 	0        -1       0        0          	: 174670917 206646411 234263625 244371363 290621479 361267968 375160363 388340593 399303136 412986997 526562079 

name       color     parent   dfs_in   dfs_out       child
465227917 	1        146      243      244        	: 150850727 244371363 298994094 345786756 401493206 423091464 436560092 457466031 490440290 90375441 

465227917 	0        -1       0        0          	: 244371363 351605665 373248331 379467184 419584442 463769129 

name       color     parent   dfs_in   dfs_out       child
468163169 	1        94       112      251        	: 161724208 203485077 235904473 244371363 265145029 297106356 302048490 405387693 432546298 490440290 

468163169 	0        -1       0        0          	: 113200585 142989083 179090391 183990604 206646411 217803288 285563508 356885748 384138094 422359825 446189166 469926743 488629566 

name       color     parent   dfs_in   dfs_out       child
469109354 	1        116      136      225        	: 189914712 234699394 388340593 401493206 428833283 433322045 433322045 446189166 446199877 493051189 

469109354 	0        -1       0        0          	: 219241221 234699394 421089550 460898954 493051189 525209403 

name       color     parent   dfs_in   dfs_out       child
469926743 	1        168      146      217        	: 161724208 162002335 172656897 399468775 412986997 460898954 468163169 488473313 488473313 494757793 

469926743 	0        -1       0        0          	: 113200585 142989083 161724208 167635608 229926622 269216781 356885748 382053881 382053881 497109769 521366990 521366990 525209403 

name       color     parent   dfs_in   dfs_out       child
472713562 	1        118      167      174        	: 159411137 210410304 219241221 234699394 254405984 300137579 346490646 428833283 496012126 497109769 

472713562 	0        -1       0        0          	: 150850727 183990604 185722484 260733710 260733710 285563508 423091464 

name       color     parent   dfs_in   dfs_out       child
477482057 	1        118      175      182        	: 206646411 219241221 256906097 270664489 345786756 345786756 351605665 422359825 526562079 95318066 

477482057 	0        -1       0        0          	: 203485077 203485077 353421862 381997754 401493206 423091464 456476773 60220613 

name       color     parent   dfs_in   dfs_out       child
477890996 	1        133      213      214        	: 110151414 143014771 150850727 152223499 189914712 256906097 345786756 428833283 497109769 526562079 

477890996 	0        -1       0        0          	: 203485077 235904473 251608342 265145029 361267968 410902968 446189166 501576189 526562079 

name       color     parent   dfs_in   dfs_out       child
478561189 	1        134      160      207        	: 172656897 174670917 244371363 345786756 350622224 416821451 432546298 491963952 493113491 521366990 

478561189 	0        -1       0        0          	: 173846834 215215359 218010373 231850863 388340593 399216608 446199877 

name       color     parent   dfs_in   dfs_out       child
480434641 	1        96       144      219        	: 270664489 279311945 300137579 302048490 356885748 379467184 395186812 488629566 497109769 521543311 

480434641 	0        -1       0        0          	: 185722484 260733710 300137579 302048490 345786756 375160363 384138094 391395377 395186812 416738787 490141958 95877212 

name       color     parent   dfs_in   dfs_out       child
481901489 	1        157      151      152        	: 179747403 215215359 251608342 265145029 290621479 419584442 430609056 461879947 501576189 60220613 

481901489 	0        -1       0        0          	: 179747403 234699394 277475041 358531435 371835256 399303136 422359825 433322045 445595750 446189166 485828726 493113491 521366990 90375441 

name       color     parent   dfs_in   dfs_out       child
485828726 	1        137      150      155        	: 173846834 206179608 206646411 358531435 379467184 434521399 450730276 481901489 493113491 

485828726 	0        -1       0        0          	: 115294226 142989083 269216781 298994094 420357930 448427743 450730276 454514286 456476773 

name       color     parent   dfs_in   dfs_out       child
488473313 	1        75       128      129        	: 142603810 142603810 229926622 256906097 272792099 319299609 344472808 346490646 354628783 432546298 

488473313 	0        -1       0        0          	: 185722484 206179608 248557567 265145029 346490646 416821451 433072426 437524660 446199877 461879947 469926743 469926743 

name       color     parent   dfs_in   dfs_out       child
488629566 	1        62       134      227        	: 210410304 242682849 244371363 395826355 400796772 420357930 421089550 430609056 455504268 468163169 

488629566 	0        -1       0        0          	: 119337132 172656897 206848012 218010373 235904473 285599631 302427576 350622224 384138094 401493206 463769129 480434641 493113491 516539796 60220613 

name       color     parent   dfs_in   dfs_out       child
490141958 	1        125      222      223        	: 203485077 234263625 260733710 302048490 302048490 361267968 416821451 430609056 480434641 496012126 

490141958 	0        -1       0        0          	: 115294226 143014771 268836132 290621479 319299609 351605665 355326530 395763758 433322045 45509813 463769129 

name       color     parent   dfs_in   dfs_out       child
490440290 	1        148      113      250        	: 181371198 373248331 399216608 400796772 406041477 420357930 446189166 454514286 493051189 494247491 

490440290 	0        -1       0        0          	: 174670917 206179608 235514475 270664489 302048490 354628783 360688803 421089550 428833283 465227917 468163169 493051189 493113491 

name       color     parent   dfs_in   dfs_out       child
491963952 	1        154      161      206        	: 110151414 244371363 285599631 351605665 433072426 445488814 445488814 446199877 45509813 455504268 

491963952 	0        -1       0        0          	: 143014771 189914712 234263625 279311945 285563508 356885748 395763758 395763758 406041477 423091464 478561189 

name       color     parent   dfs_in   dfs_out       child
493051189 	1        128      193      196        	: 165478556 172656897 203485077 206179608 310828049 361267968 446189166 469109354 490440290 494247491 

493051189 	0        -1       0        0          	: 142603810 244165466 294108100 399303136 401493206 436685991 469109354 490440290 521254409 95877212 

name       color     parent   dfs_in   dfs_out       child
493113491 	1        157      153      154        	: 251608342 285599631 319299609 353421862 354628783 405387693 481901489 488629566 490440290 494757793 

493113491 	0        -1       0        0          	: 206646411 277475041 279311945 290621479 300137579 302048490 356885748 421089550 456476773 460898954 478561189 485828726 

name       color     parent   dfs_in   dfs_out       child
494247491 	1        163      194      195        	: 150850727 203485077 215215359 235514475 298994094 409632468 412986997 413756265 420357930 521543311 

494247491 	0        -1       0        0          	: 146217198 179747403 217803288 234699394 244371363 279311945 368239324 384138094 395186812 490440290 493051189 

name       color     parent   dfs_in   dfs_out       child
494757793 	1        56       141      142        	: 115294226 206848012 234699394 302427576 354628783 358790822 375160363 400796772 432546298 440702915 

494757793 	0        -1       0        0          	: 142603810 142989083 183990604 206179608 218010373 270664489 355326530 381997754 388340593 391395377 406041477 469926743 493113491 

name       color     parent   dfs_in   dfs_out       child
496012126 	1        151      168      173        	: 229926622 277475041 285563508 379467184 382053881 382053881 428833283 497109769 521366990 60220613 

496012126 	0        -1       0        0          	: 179747403 225753656 234263625 319299609 460898954 472713562 490141958 521543311 

name       color     parent   dfs_in   dfs_out       child
497109769 	1        155      145      218        	: 183990604 203485077 210410304 265145029 302048490 371835256 400796772 434521399 469926743 95318066 

497109769 	0        -1       0        0          	: 113200585 115294226 173846834 179747403 181371198 195027763 217803288 221778890 248557567 319299609 399216608 421089550 472713562 477890996 480434641 496012126 

name       color     parent   dfs_in   dfs_out       child
501576189 	1        145      132      229        	: 189914712 206848012 285599631 356186381 388340593 395826355 399303136 455504268 477890996 526562079 

501576189 	0        -1       0        0          	: 167635608 294108100 302048490 410902968 410902968 416738787 423091464 428833283 461879947 481901489 

name       color     parent   dfs_in   dfs_out       child
504532768 	1        118      183      186        	: 142603810 215215359 251608342 270664489 384138094 395186812 430609056 432546298 521254409 90375441 

504532768 	0        -1       0        0          	: 116648173 371835256 399216608 423091464 458095548 

name       color     parent   dfs_in   dfs_out       child
504650783 	1        87       200      201        	: 143014771 146217198 195027763 395826355 422359825 433322045 45509813 458095548 521254409 60220613 

504650783 	0        -1       0        0          	: 119337132 161724208 217803288 368239324 388340593 409632468 420357930 

name       color     parent   dfs_in   dfs_out       child
516539796 	1        124      203      204        	: 167635608 179090391 268836132 269216781 281005065 344472808 346490646 360688803 422359825 488629566 

516539796 	0        -1       0        0          	: 281005065 344472808 395763758 432546298 433072426 433322045 

name       color     parent   dfs_in   dfs_out       child
521254409 	1        137      156      211        	: 179090391 297106356 346490646 384138094 432546298 446199877 448427743 493051189 521366990 95318066 

521254409 	0        -1       0        0          	: 149073571 172656897 343831549 343831549 399303136 450730276 450730276 458095548 504532768 504650783 

name       color     parent   dfs_in   dfs_out       child
521366990 	1        167      169      172        	: 159411137 244371363 248557567 302048490 310828049 345786756 437524660 469926743 469926743 481901489 

521366990 	0        -1       0        0          	: 206179608 256906097 277475041 381997754 419584442 434521399 437524660 445595750 478561189 496012126 521254409 

name       color     parent   dfs_in   dfs_out       child
521543311 	1        142      191      198        	: 185722484 203485077 350622224 361267968 401493206 412986997 436685991 445595750 455504268 496012126 

521543311 	0        -1       0        0          	: 218010373 218010373 244165466 297106356 298994094 401493206 448062359 457466031 480434641 494247491 

name       color     parent   dfs_in   dfs_out       child
525209403 	1        134      208      209        	: 110151414 173846834 173846834 235904473 285599631 382053881 430609056 45509813 469109354 469926743 

525209403 	0        -1       0        0          	: 119337132 167635608 195027763 217803288 221778890 285599631 345786756 446199877 458095548 463769129 

name       color     parent   dfs_in   dfs_out       child
526562079 	1        103      126      235        	: 162002335 248557567 256906097 310828049 346490646 360688803 368239324 379467184 463769129 477890996 

526562079 	0        -1       0        0          	: 152223499 159411137 356186381 400796772 446189166 477482057 477890996 501576189 90375441 

name       color     parent   dfs_in   dfs_out       child
60220613 	1        75       130      233        	: 146217198 161724208 241424851 302048490 399303136 409632468 410902968 461879947 477482057 488629566 

60220613 	0        -1       0        0          	: 150850727 285599631 290621479 297106356 346490646 351605665 436685991 446199877 481901489 496012126 504650783 

name       color     parent   dfs_in   dfs_out       child
90375441 	1        170      184      185        	: 285599631 285599631 290621479 381997754 388340593 433322045 450730276 455504268 481901489 526562079 

90375441 	0        -1       0        0          	: 234263625 244165466 285563508 302427576 356885748 358531435 358790822 360688803 368239324 382053881 416738787 428833283 465227917 504532768 

name       color     parent   dfs_in   dfs_out       child
95318066 	1        152      176      181        	: 149073571 159411137 279311945 382053881 401493206 410902968 423091464 440702915 445595750 448427743 

95318066 	0        -1       0        0          	: 165478556 183990604 368239324 399468775 413756265 461879947 463769129 477482057 497109769 521254409 

name       color     parent   dfs_in   dfs_out       child
95877212 	1        145      230      231        	: 165478556 189914712 225753656 229926622 300137579 346490646 406041477 432546298 480434641 493051189 

95877212 	0        -1       0        0          	: 219241221 242682849 354628783 461879947 


